/home/cole/data/DeepPs/ps2.0/testing/outdoor-street-light/063.jpg 
/home/cole/data/DeepPs/ps2.0/testing/outdoor-street-light/022.jpg 
/home/cole/data/DeepPs/ps2.0/testing/outdoor-street-light/079.jpg 
/home/cole/data/DeepPs/ps2.0/testing/outdoor-street-light/067.jpg 
/home/cole/data/DeepPs/ps2.0/testing/outdoor-street-light/120.jpg 
/home/cole/data/DeepPs/ps2.0/testing/outdoor-street-light/130.jpg 
/home/cole/data/DeepPs/ps2.0/testing/outdoor-street-light/006.jpg 1.0,402.6367521367522,245.85384615384623,411.3384615384616,385.36068376068386,406.9876068376069,315.60726495726504,-0.062294084097976876 1.0,411.3384615384616,385.36068376068386,416.9760683760685,524.1316239316241,414.15726495726506,454.74615384615396,-0.04060294208063753 
/home/cole/data/DeepPs/ps2.0/testing/outdoor-street-light/045.jpg 
/home/cole/data/DeepPs/ps2.0/testing/outdoor-street-light/090.jpg 
/home/cole/data/DeepPs/ps2.0/testing/outdoor-street-light/106.jpg 
/home/cole/data/DeepPs/ps2.0/testing/outdoor-street-light/052.jpg 
/home/cole/data/DeepPs/ps2.0/testing/outdoor-street-light/122.jpg 
/home/cole/data/DeepPs/ps2.0/testing/outdoor-street-light/061.jpg 
/home/cole/data/DeepPs/ps2.0/testing/outdoor-street-light/096.jpg 
/home/cole/data/DeepPs/ps2.0/testing/outdoor-street-light/119.jpg 
/home/cole/data/DeepPs/ps2.0/testing/outdoor-normal-daylight/534.jpg 1.0,446.9358974358975,149.6538461538462,439.4529914529915,303.98290598290606,443.1944444444445,226.81837606837612,0.048448751297100356 1.0,439.4529914529915,303.98290598290606,429.1965811965813,458.82905982905993,434.3247863247864,381.405982905983,0.06613952171821569 
/home/cole/data/DeepPs/ps2.0/testing/outdoor-normal-daylight/097.jpg 1.0,487.6544488359426,346.8326955574488,376.03298180117775,444.6392341059691,431.84371531856016,395.73596483170894,0.8512677808137892 1.0,376.03298180117775,444.6392341059691,261.9633465078278,540.20168847674,318.9981641545028,492.4204612913545,0.8734539681886222 
/home/cole/data/DeepPs/ps2.0/testing/outdoor-normal-daylight/485.jpg 1.0,486.397435897436,106.33760683760681,494.8350427350428,346.125641025641,490.61623931623944,226.23162393162391,-0.03517326053192815 
/home/cole/data/DeepPs/ps2.0/testing/outdoor-normal-daylight/511.jpg 
/home/cole/data/DeepPs/ps2.0/testing/outdoor-normal-daylight/546.jpg 
/home/cole/data/DeepPs/ps2.0/testing/outdoor-normal-daylight/079.jpg 
/home/cole/data/DeepPs/ps2.0/testing/outdoor-normal-daylight/345.jpg 
/home/cole/data/DeepPs/ps2.0/testing/outdoor-normal-daylight/105.jpg 1.0,365.48247280141885,143.87360166473468,371.9397441447984,301.1709216094298,368.71110847310865,222.52226163708224,-0.04102833863374644 1.0,371.9397441447984,301.1709216094298,374.5932642487046,453.3706897755681,373.2665041967515,377.2708056924989,-0.017432689484522035 
/home/cole/data/DeepPs/ps2.0/testing/outdoor-normal-daylight/228.jpg 
/home/cole/data/DeepPs/ps2.0/testing/outdoor-normal-daylight/484.jpg 1.0,486.96153846153857,69.09487179487182,492.88974358974366,306.93760683760684,489.9256410256411,188.01623931623934,-0.024919735098554163 
/home/cole/data/DeepPs/ps2.0/testing/outdoor-normal-daylight/112.jpg 1.0,401.8831696995935,109.48734131251483,396.03147214502184,492.46737566861725,398.95732092230764,300.977358490566,0.015278191329573865 
/home/cole/data/DeepPs/ps2.0/testing/outdoor-normal-daylight/496.jpg 1.0,485.99743589743605,148.41794871794878,495.9991452991454,386.5153846153847,490.99829059829074,267.4666666666667,-0.041982109876086415 
/home/cole/data/DeepPs/ps2.0/testing/outdoor-normal-daylight/080.jpg 
/home/cole/data/DeepPs/ps2.0/testing/outdoor-normal-daylight/143.jpg 
/home/cole/data/DeepPs/ps2.0/testing/outdoor-normal-daylight/086.jpg 
/home/cole/data/DeepPs/ps2.0/testing/outdoor-normal-daylight/304.jpg 
/home/cole/data/DeepPs/ps2.0/testing/outdoor-normal-daylight/435.jpg 
/home/cole/data/DeepPs/ps2.0/testing/outdoor-normal-daylight/135.jpg 
/home/cole/data/DeepPs/ps2.0/testing/outdoor-normal-daylight/098.jpg 
/home/cole/data/DeepPs/ps2.0/testing/outdoor-normal-daylight/102.jpg 1.0,374.13797606245544,123.90293004483051,377.3546010642011,279.81650908481487,375.7462885633283,201.85971956482268,-0.02062789381934671 1.0,377.3546010642011,279.81650908481487,379.84053042470276,436.38313338826583,378.5975657444519,358.0998212365404,-0.015876439178342805 
/home/cole/data/DeepPs/ps2.0/testing/outdoor-normal-daylight/394.jpg 1.0,138.67948717948713,556.7461538461544,137.9888888888888,405.337606837607,138.33418803418795,481.04188034188064,-3.1461537798617005 1.0,137.9888888888888,405.337606837607,137.8247863247863,256.91025641025647,137.90683760683754,331.12393162393175,-3.1426982617999064 
/home/cole/data/DeepPs/ps2.0/testing/outdoor-normal-daylight/395.jpg 1.0,141.7888888888888,511.5017094017095,136.71538461538452,367.16666666666674,139.25213675213666,439.3341880341881,-3.1767290705255737 
/home/cole/data/DeepPs/ps2.0/testing/outdoor-normal-daylight/358.jpg 
/home/cole/data/DeepPs/ps2.0/testing/outdoor-normal-daylight/368.jpg 
/home/cole/data/DeepPs/ps2.0/testing/outdoor-normal-daylight/265.jpg 1.0,138.63084112149528,556.8859813084111,138.2111782477341,404.27643504531716,138.4210096846147,480.58120817686415,-3.1443425589935465 1.0,138.2111782477341,404.27643504531716,137.9048338368579,256.34229607250745,138.058006042296,330.3093655589123,-3.143663466825383 
/home/cole/data/DeepPs/ps2.0/testing/outdoor-normal-daylight/131.jpg 
/home/cole/data/DeepPs/ps2.0/testing/outdoor-normal-daylight/114.jpg 
/home/cole/data/DeepPs/ps2.0/testing/outdoor-normal-daylight/154.jpg 1.0,527.0953466689776,219.8495138087867,453.09674517842944,342.8564286610766,490.0960459237035,281.35297123493166,0.541581062005148 1.0,453.09674517842944,342.8564286610766,371.5490613850024,481.7547139928641,412.3229032817159,412.3055713269704,0.53088288361399 
/home/cole/data/DeepPs/ps2.0/testing/outdoor-normal-daylight/269.jpg 
/home/cole/data/DeepPs/ps2.0/testing/outdoor-normal-daylight/544.jpg 
/home/cole/data/DeepPs/ps2.0/testing/outdoor-normal-daylight/389.jpg 1.0,137.3153846153845,450.2179487179488,136.26068376068366,293.171794871795,136.7880341880341,371.6948717948719,-3.148308418176372 1.0,136.26068376068366,293.171794871795,135.77008547008543,133.08803418803416,136.01538461538456,213.12991452991457,-3.1446572789622467 
/home/cole/data/DeepPs/ps2.0/testing/outdoor-normal-daylight/399.jpg 
/home/cole/data/DeepPs/ps2.0/testing/outdoor-normal-daylight/504.jpg 
/home/cole/data/DeepPs/ps2.0/testing/outdoor-normal-daylight/165.jpg 1.0,454.39245820907115,100.47752822419179,397.6540930307612,246.7824152377765,426.02327561991615,173.62997173098415,0.36995299869964304 1.0,59.63053352537928,192.63165113763367,114.8960411424746,60.816517352872594,87.26328733392694,126.72408424525312,-2.7445893840866797 
/home/cole/data/DeepPs/ps2.0/testing/outdoor-normal-daylight/495.jpg 1.0,486.1068376068378,105.93760683760681,494.6350427350428,346.2538461538462,490.37094017094034,226.09572649572652,-0.035472541661811574 
/home/cole/data/DeepPs/ps2.0/testing/outdoor-normal-daylight/353.jpg 
/home/cole/data/DeepPs/ps2.0/testing/outdoor-normal-daylight/186.jpg 1.0,182.27863247863246,191.79829059829063,193.2350427350427,54.49145299145301,187.75683760683756,123.14487179487182,-3.061966286849457 1.0,172.2222222222222,337.9521367521368,182.27863247863246,191.79829059829063,177.25042735042734,264.87521367521373,-3.0728939154067505 
/home/cole/data/DeepPs/ps2.0/testing/outdoor-normal-daylight/096.jpg 1.0,556.3458631609761,209.3518432627861,439.7020194723976,302.7153368892066,498.0239413166869,256.03359007599636,0.8958023270231603 
/home/cole/data/DeepPs/ps2.0/testing/outdoor-normal-daylight/388.jpg 1.0,138.06068376068362,455.69145299145305,137.8247863247863,297.51709401709405,137.94273504273497,376.6042735042736,-3.1430840284405126 1.0,137.8247863247863,297.51709401709405,136.97008547008537,143.38034188034186,137.39743589743583,220.44871794871796,-3.147137678270283 
/home/cole/data/DeepPs/ps2.0/testing/outdoor-normal-daylight/184.jpg 1.0,455.43760683760695,131.02393162393162,448.8905982905984,271.6307692307692,452.1641025641027,201.3273504273504,0.04652891246320667 1.0,448.8905982905984,271.6307692307692,443.371794871795,410.5564102564103,446.1311965811967,341.09358974358975,0.039703996415236587 1.0,443.371794871795,410.5564102564103,438.0341880341881,549.5726495726498,440.70299145299157,480.06452991453,0.038376712297422566 
/home/cole/data/DeepPs/ps2.0/testing/outdoor-normal-daylight/140.jpg 1.0,197.0792697868168,344.8087478559176,59.41298761064052,410.3822024730906,128.24612869872865,377.59547516450414,1.126270053323931 
/home/cole/data/DeepPs/ps2.0/testing/outdoor-normal-daylight/364.jpg 
/home/cole/data/DeepPs/ps2.0/testing/outdoor-normal-daylight/147.jpg 1.0,95.02195121951218,459.1452328159643,99.85440414507775,296.05492227979266,97.43817768229496,377.60007754787847,-3.1119707869869764 1.0,99.85440414507775,296.05492227979266,102.97383592017725,140.8547671840355,101.4141200326275,218.45484473191408,-3.1214959481084685 
/home/cole/data/DeepPs/ps2.0/testing/outdoor-normal-daylight/451.jpg 
/home/cole/data/DeepPs/ps2.0/testing/outdoor-normal-daylight/150.jpg 1.0,153.92815964523265,492.9742793791577,131.68137472283792,340.38093126385843,142.80476718403528,416.67760532150805,-3.2863640085178 
/home/cole/data/DeepPs/ps2.0/testing/outdoor-normal-daylight/034.jpg 
/home/cole/data/DeepPs/ps2.0/testing/outdoor-normal-daylight/290.jpg 
/home/cole/data/DeepPs/ps2.0/testing/outdoor-normal-daylight/296.jpg 
/home/cole/data/DeepPs/ps2.0/testing/outdoor-normal-daylight/326.jpg 1.0,451.80634441087614,82.52416918428992,454.4252336448599,233.4205607476635,453.115789027868,157.9723649659767,-0.017353803525839373 1.0,454.4252336448599,233.4205607476635,458.4570996978852,377.08610271903314,456.44116667137257,305.2533317333483,-0.02805688820961416 
/home/cole/data/DeepPs/ps2.0/testing/outdoor-normal-daylight/134.jpg 
/home/cole/data/DeepPs/ps2.0/testing/outdoor-normal-daylight/118.jpg 
/home/cole/data/DeepPs/ps2.0/testing/outdoor-normal-daylight/099.jpg 1.0,535.653268268777,132.8012652326964,539.1765558417651,281.4781199012676,537.4149120552711,207.13969256698198,-0.023693185266404404 
/home/cole/data/DeepPs/ps2.0/testing/outdoor-normal-daylight/324.jpg 
/home/cole/data/DeepPs/ps2.0/testing/indoor-parking-lot/136.jpg 1.0,527.9192422105219,218.98218650056558,449.825667429671,340.41130820399115,488.87245482009644,279.69674735227835,0.5715239049616403 1.0,449.825667429671,340.41130820399115,370.62192226582675,464.1646509224474,410.2237948477489,402.28797956321927,0.5693223964985497 
/home/cole/data/DeepPs/ps2.0/testing/indoor-parking-lot/117.jpg 1.0,489.0188350535796,136.68457934150518,472.28414312249487,303.5250129184531,480.65148908803724,220.10479612997915,0.09996921268846481 1.0,465.8927908048545,378.07049285644445,450.5224850914067,529.7311774646312,458.2076379481306,453.9008351605378,0.10100181291977339 
/home/cole/data/DeepPs/ps2.0/testing/indoor-parking-lot/195.jpg 1.0,174.13498826189024,443.5101730284322,182.6316407268932,283.6444222241543,178.38331449439173,363.5772976262932,-3.0884939407053285 
/home/cole/data/DeepPs/ps2.0/testing/indoor-parking-lot/125.jpg 1.0,155.18006562756352,244.7373725536155,164.9626743232157,99.8399156217041,160.07136997538962,172.2886440876598,-3.074180941096669 1.0,147.2391304347826,395.8155396695185,155.18006562756352,244.7373725536155,151.20959803117307,320.276456111567,-3.089079212821998 1.0,490.61836399859374,252.9929684753312,483.7643853275518,408.6521739130436,487.1913746630728,330.8225711941874,0.044003528543480996 
/home/cole/data/DeepPs/ps2.0/testing/indoor-parking-lot/157.jpg 1.0,140.8935589290951,337.60569948186526,143.073914500789,177.18393782383416,141.98373671494204,257.3948186528497,-3.1280020951275294 
/home/cole/data/DeepPs/ps2.0/testing/indoor-parking-lot/220.jpg 1.0,196.6227819580327,292.0864715128406,74.33592017738351,191.0490643732705,135.4793510677081,241.56776794305557,-4.021855886887795 
/home/cole/data/DeepPs/ps2.0/testing/indoor-parking-lot/046.jpg 1.0,176.47035040431265,431.3704441579751,180.3956990507441,268.4347826086958,178.4330247275284,349.90261338333545,-3.11750591005564 
/home/cole/data/DeepPs/ps2.0/testing/indoor-parking-lot/067.jpg 1.0,125.69999999999996,399.0826086956526,121.15217391304341,232.5652173913045,123.42608695652169,315.82391304347857,-3.168897284027689 1.0,121.15217391304341,232.5652173913045,118.07826086956521,60.226086956521854,119.61521739130431,146.39565217391316,-3.159427182067973 1.0,470.9391304347823,216.2608695652175,475.1113989637305,383.8015544041452,473.0252646992564,300.03121198468136,-0.024897870997947713 
/home/cole/data/DeepPs/ps2.0/testing/indoor-parking-lot/133.jpg 1.0,152.29252265966497,383.725004538916,140.49474064821504,196.83841538121334,146.39363165394002,290.28170996006463,-3.204637024306809 
/home/cole/data/DeepPs/ps2.0/testing/indoor-parking-lot/105.jpg 1.0,281.76028239040255,430.63868134016735,122.51636375589428,453.92461496166055,202.1383230731484,442.28164815091395,1.42559731703152 
/home/cole/data/DeepPs/ps2.0/testing/indoor-parking-lot/112.jpg 1.0,437.6366415452931,236.24721642830247,445.6226903900673,391.3682597097887,441.62966596768024,313.80773806904557,-0.05143727947798449 
/home/cole/data/DeepPs/ps2.0/testing/indoor-parking-lot/146.jpg 1.0,122.67197603452357,323.62137759591076,122.17479016242325,161.25052721254696,122.42338309847341,242.43595240422886,-3.144654682993777 
/home/cole/data/DeepPs/ps2.0/testing/indoor-parking-lot/080.jpg 1.0,214.84606820578924,318.8572600492208,184.83473573186453,158.6521739130436,199.84040196882688,238.75471698113222,-3.3267770576965 
/home/cole/data/DeepPs/ps2.0/testing/indoor-parking-lot/025.jpg 1.0,98.85232815964505,243.69379157427937,197.83059866962296,141.75476718403544,148.341463414634,192.7242793791574,-2.370929605929488 1.0,197.83059866962296,141.75476718403544,299.669623059867,43.40687361419067,248.75011086474495,92.58082039911307,-2.338756902361772 
/home/cole/data/DeepPs/ps2.0/testing/indoor-parking-lot/048.jpg 
/home/cole/data/DeepPs/ps2.0/testing/indoor-parking-lot/188.jpg 
/home/cole/data/DeepPs/ps2.0/testing/indoor-parking-lot/070.jpg 1.0,186.55652173913046,353.217391304348,181.9217391304348,184.13913043478277,184.23913043478262,268.6782608695654,-3.1689978458205452 1.0,518.5709844559583,164.61243523316054,523.152173913044,313.57391304347806,520.8615791845011,239.09317413831928,-0.03074449862072881 1.0,523.152173913044,313.57391304347806,530.1347826086954,463.0000000000001,526.6434782608696,388.28695652173906,-0.04669554672437637 
/home/cole/data/DeepPs/ps2.0/testing/indoor-parking-lot/115.jpg 1.0,453.1698979805284,152.9281596452328,446.87459324329984,309.8264248704663,450.0222456119141,231.37729225784955,0.04010197136495108 
/home/cole/data/DeepPs/ps2.0/testing/indoor-parking-lot/077.jpg 
/home/cole/data/DeepPs/ps2.0/testing/indoor-parking-lot/089.jpg 1.0,178.85397539209248,375.0035822521401,177.81653528248094,216.8653097937497,178.3352553372867,295.93444602294494,-3.1481528948947735 
/home/cole/data/DeepPs/ps2.0/testing/indoor-parking-lot/135.jpg 1.0,344.54145077720204,81.84715025906735,372.2391729396812,250.04624806223205,358.39031185844163,165.9466991606497,-0.16320752857710286 1.0,372.2391729396812,250.04624806223205,398.10401100512547,408.2061016996495,385.17159197240335,329.12617488094077,-0.1621011363510123 
/home/cole/data/DeepPs/ps2.0/testing/indoor-parking-lot/123.jpg 1.0,130.18006562756352,280.71475448259713,137.68094456814717,126.05226766670583,133.93050509785536,203.3835110746515,-3.0931322514526918 1.0,121.70004687683111,538.413688034689,127.45827962029762,368.4347826086958,124.57916324856436,453.42423532169244,-3.107729442507751 
/home/cole/data/DeepPs/ps2.0/testing/indoor-parking-lot/009.jpg 1.0,338.0623621661356,543.3816466552315,205.37527566772835,440.45981377113446,271.718818916932,491.920730213183,-4.052658388592933 
/home/cole/data/DeepPs/ps2.0/testing/indoor-parking-lot/090.jpg 1.0,179.31932321271444,399.55059843861295,177.70207253885997,241.4745401728978,178.5106978757872,320.5125693057554,-3.151823135480792 
/home/cole/data/DeepPs/ps2.0/testing/indoor-parking-lot/056.jpg 1.0,137.05652173913043,549.895652173914,127.27391304347825,382.6521739130434,132.16521739130434,466.2739130434787,-3.200019294334633 1.0,121.2521739130434,295.8086956521741,111.09565217391287,140.17391304347836,116.17391304347814,217.99130434782623,-3.2067589387269364 
/home/cole/data/DeepPs/ps2.0/testing/indoor-parking-lot/131.jpg 1.0,151.85780924092003,307.3675181238457,140.38692393662473,122.22949002217291,146.12236658877237,214.7985040730093,-3.203472110516109 
/home/cole/data/DeepPs/ps2.0/testing/indoor-parking-lot/114.jpg 1.0,440.0938717651494,269.71191709844567,436.32252978227166,426.1461321453011,438.20820077371053,347.9290246218734,0.024103496777763356 
/home/cole/data/DeepPs/ps2.0/testing/indoor-parking-lot/213.jpg 1.0,187.23890306656062,482.79821719927565,173.2863209041303,315.0263296298731,180.26261198534547,398.9122734145744,-3.2245657229607687 1.0,173.2863209041303,315.0263296298731,159.69567776907857,152.5047095104619,166.49099933660443,233.7655195701675,-3.2250221444904565 
/home/cole/data/DeepPs/ps2.0/testing/indoor-parking-lot/012.jpg 1.0,173.32234746385677,554.9376378338643,151.1532712570447,409.3752756677284,162.23780936045074,482.15645675079634,-3.2927307470496796 1.0,137.011639304092,288.4323695172751,120.71563342318044,130.74944866454297,128.8636363636362,209.59090909090904,-3.244573737902403 
/home/cole/data/DeepPs/ps2.0/testing/indoor-parking-lot/037.jpg 1.0,404.969401330377,118.73835920177382,498.3261640798225,290.6569844789359,451.64778270509976,204.69767184035487,-0.49747528279376674 
/home/cole/data/DeepPs/ps2.0/testing/indoor-parking-lot/061.jpg 1.0,82.70869565217387,454.60434782608723,143.10434782608684,313.20000000000016,112.90652173913035,383.9021739130437,-2.737933536896536 
/home/cole/data/DeepPs/ps2.0/testing/indoor-parking-lot/191.jpg 1.0,229.98474045735145,488.3055821232935,231.22915398660982,327.27332405877735,230.60694722198065,407.7894530910354,-3.133865079165287 1.0,231.22915398660982,327.27332405877735,232.86588122771926,162.78188853143195,232.04751760716454,245.02760629510465,-3.131642754233418 
/home/cole/data/DeepPs/ps2.0/testing/indoor-parking-lot/164.jpg 1.0,160.00967741935474,408.1129032258064,175.89900878184503,233.62319798278403,167.95434310059989,320.8680506042952,-3.0507813979389375 1.0,515.5932962351098,250.60868620119982,511.2404486566384,416.36401182505864,513.4168724458741,333.48634901312926,0.02625464592173321 
/home/cole/data/DeepPs/ps2.0/testing/indoor-parking-lot/002.jpg 1.0,49.09397206567002,338.8023768684145,53.24001470227873,167.22090173976963,51.16699338397437,253.01163930409206,-3.1174336586878315 
/home/cole/data/DeepPs/ps2.0/testing/indoor-parking-lot/163.jpg 1.0,160.65024780453865,218.99801756369004,160.65024780453868,45.016129032257936,160.65024780453865,132.007073297974,-3.141592653589793 1.0,162.50260846882873,387.19020085209974,160.65024780453865,218.99801756369004,161.5764281366837,303.0941092078949,-3.1526055659623253 1.0,513.4279193113642,207.59677419354827,511.7858315992347,375.2432370152089,512.6068754552995,291.42000560437856,0.009794630754758504 
/home/cole/data/DeepPs/ps2.0/testing/indoor-parking-lot/134.jpg 1.0,453.7089815384799,138.40964672694994,500.52438426736626,293.05682191715323,477.1166829029231,215.7332343220516,-0.29395394790313323 
/home/cole/data/DeepPs/ps2.0/testing/outdoor-slanted/20.jpg 3.0,480.1692307692309,321.02222222222224,476.9953271028038,489.4953271028038,478.58227893601736,405.258774662513,-0.5920282359462767 
/home/cole/data/DeepPs/ps2.0/testing/outdoor-slanted/33.jpg 2.0,166.7078549848942,312.02930513595163,162.5761329305135,154.3253776435045,164.64199395770385,233.17734138972807,-2.766360167431748 
/home/cole/data/DeepPs/ps2.0/testing/outdoor-slanted/15.jpg 3.0,445.6170940170941,157.1008547008547,481.3411214953272,325.57757009345795,463.4791077562106,241.33921239715633,-1.0292512512661596 3.0,481.3411214953272,325.57757009345795,513.4439252336449,487.3065420560749,497.392523364486,406.4420560747664,-1.016255222587925 
/home/cole/data/DeepPs/ps2.0/testing/outdoor-slanted/37.jpg 2.0,164.49516616314202,486.03474320241696,163.39719626168215,320.0822429906542,163.94618121241209,403.0584930965356,-2.7467829987830177 2.0,163.39719626168215,320.0822429906542,159.36344410876129,158.25709969788522,161.3803201852217,239.16967134426972,-2.7650883744485437 
/home/cole/data/DeepPs/ps2.0/testing/outdoor-shadow/1109.jpg 
/home/cole/data/DeepPs/ps2.0/testing/outdoor-shadow/0634.jpg 
/home/cole/data/DeepPs/ps2.0/testing/outdoor-shadow/0275.jpg 
/home/cole/data/DeepPs/ps2.0/testing/outdoor-shadow/0434.jpg 
/home/cole/data/DeepPs/ps2.0/testing/outdoor-shadow/0755.jpg 
/home/cole/data/DeepPs/ps2.0/testing/outdoor-shadow/0598.jpg 
/home/cole/data/DeepPs/ps2.0/testing/outdoor-shadow/0775.jpg 
/home/cole/data/DeepPs/ps2.0/testing/outdoor-shadow/0787.jpg 
/home/cole/data/DeepPs/ps2.0/testing/outdoor-shadow/0213.jpg 
/home/cole/data/DeepPs/ps2.0/testing/outdoor-shadow/0180.jpg 
/home/cole/data/DeepPs/ps2.0/testing/outdoor-shadow/0207.jpg 
/home/cole/data/DeepPs/ps2.0/testing/outdoor-shadow/0662.jpg 
/home/cole/data/DeepPs/ps2.0/testing/outdoor-shadow/0273.jpg 
/home/cole/data/DeepPs/ps2.0/testing/outdoor-shadow/0250.jpg 
/home/cole/data/DeepPs/ps2.0/testing/outdoor-shadow/0471.jpg 
/home/cole/data/DeepPs/ps2.0/testing/outdoor-shadow/0332.jpg 
/home/cole/data/DeepPs/ps2.0/testing/outdoor-shadow/0695.jpg 
/home/cole/data/DeepPs/ps2.0/testing/outdoor-shadow/0293.jpg 
/home/cole/data/DeepPs/ps2.0/testing/outdoor-shadow/0139.jpg 
/home/cole/data/DeepPs/ps2.0/testing/outdoor-shadow/0796.jpg 
/home/cole/data/DeepPs/ps2.0/testing/outdoor-shadow/1068.jpg 
/home/cole/data/DeepPs/ps2.0/testing/outdoor-shadow/0116.jpg 
/home/cole/data/DeepPs/ps2.0/testing/outdoor-shadow/0737.jpg 
/home/cole/data/DeepPs/ps2.0/testing/outdoor-shadow/0768.jpg 
/home/cole/data/DeepPs/ps2.0/testing/outdoor-shadow/0537.jpg 
/home/cole/data/DeepPs/ps2.0/testing/outdoor-shadow/0474.jpg 
/home/cole/data/DeepPs/ps2.0/testing/outdoor-shadow/0276.jpg 
/home/cole/data/DeepPs/ps2.0/testing/outdoor-shadow/0493.jpg 
/home/cole/data/DeepPs/ps2.0/testing/outdoor-shadow/0699.jpg 
/home/cole/data/DeepPs/ps2.0/testing/outdoor-shadow/0177.jpg 
/home/cole/data/DeepPs/ps2.0/testing/outdoor-shadow/0512.jpg 
/home/cole/data/DeepPs/ps2.0/testing/outdoor-shadow/0148.jpg 
/home/cole/data/DeepPs/ps2.0/testing/outdoor-shadow/0572.jpg 
/home/cole/data/DeepPs/ps2.0/testing/outdoor-shadow/0773.jpg 
/home/cole/data/DeepPs/ps2.0/testing/outdoor-shadow/0616.jpg 
/home/cole/data/DeepPs/ps2.0/testing/outdoor-shadow/0462.jpg 
/home/cole/data/DeepPs/ps2.0/testing/outdoor-shadow/0508.jpg 
/home/cole/data/DeepPs/ps2.0/testing/outdoor-shadow/1096.jpg 
/home/cole/data/DeepPs/ps2.0/testing/outdoor-shadow/0724.jpg 
/home/cole/data/DeepPs/ps2.0/testing/outdoor-shadow/0288.jpg 
/home/cole/data/DeepPs/ps2.0/testing/outdoor-shadow/0274.jpg 
/home/cole/data/DeepPs/ps2.0/testing/outdoor-shadow/0573.jpg 
/home/cole/data/DeepPs/ps2.0/testing/outdoor-shadow/0470.jpg 
/home/cole/data/DeepPs/ps2.0/testing/outdoor-shadow/0168.jpg 
/home/cole/data/DeepPs/ps2.0/testing/outdoor-shadow/0263.jpg 
/home/cole/data/DeepPs/ps2.0/testing/outdoor-shadow/0686.jpg 
/home/cole/data/DeepPs/ps2.0/testing/outdoor-shadow/1040.jpg 
/home/cole/data/DeepPs/ps2.0/testing/outdoor-shadow/0602.jpg 
/home/cole/data/DeepPs/ps2.0/testing/outdoor-shadow/0218.jpg 
/home/cole/data/DeepPs/ps2.0/testing/outdoor-shadow/0509.jpg 
/home/cole/data/DeepPs/ps2.0/testing/outdoor-shadow/0138.jpg 
/home/cole/data/DeepPs/ps2.0/testing/outdoor-shadow/0631.jpg 
/home/cole/data/DeepPs/ps2.0/testing/outdoor-shadow/0259.jpg 
/home/cole/data/DeepPs/ps2.0/testing/outdoor-shadow/0425.jpg 
/home/cole/data/DeepPs/ps2.0/testing/outdoor-shadow/0326.jpg 
/home/cole/data/DeepPs/ps2.0/testing/outdoor-shadow/0366.jpg 
/home/cole/data/DeepPs/ps2.0/testing/outdoor-shadow/1031.jpg 
/home/cole/data/DeepPs/ps2.0/testing/outdoor-shadow/0621.jpg 
/home/cole/data/DeepPs/ps2.0/testing/outdoor-shadow/0741.jpg 
/home/cole/data/DeepPs/ps2.0/testing/outdoor-shadow/0440.jpg 
/home/cole/data/DeepPs/ps2.0/testing/outdoor-shadow/0388.jpg 
/home/cole/data/DeepPs/ps2.0/testing/outdoor-shadow/0112.jpg 
/home/cole/data/DeepPs/ps2.0/testing/outdoor-shadow/0556.jpg 
/home/cole/data/DeepPs/ps2.0/testing/outdoor-shadow/1049.jpg 
/home/cole/data/DeepPs/ps2.0/testing/outdoor-shadow/0601.jpg 
/home/cole/data/DeepPs/ps2.0/testing/outdoor-shadow/0361.jpg 
/home/cole/data/DeepPs/ps2.0/testing/outdoor-shadow/0600.jpg 
/home/cole/data/DeepPs/ps2.0/testing/outdoor-shadow/0913.jpg 
/home/cole/data/DeepPs/ps2.0/testing/outdoor-shadow/0387.jpg 
/home/cole/data/DeepPs/ps2.0/testing/outdoor-shadow/0666.jpg 
/home/cole/data/DeepPs/ps2.0/testing/outdoor-shadow/0518.jpg 
/home/cole/data/DeepPs/ps2.0/testing/outdoor-shadow/0648.jpg 
/home/cole/data/DeepPs/ps2.0/testing/outdoor-shadow/0244.jpg 
/home/cole/data/DeepPs/ps2.0/testing/outdoor-shadow/0519.jpg 
/home/cole/data/DeepPs/ps2.0/testing/outdoor-shadow/0689.jpg 
/home/cole/data/DeepPs/ps2.0/testing/outdoor-shadow/0613.jpg 
/home/cole/data/DeepPs/ps2.0/testing/outdoor-shadow/0472.jpg 
/home/cole/data/DeepPs/ps2.0/testing/outdoor-shadow/0574.jpg 
/home/cole/data/DeepPs/ps2.0/testing/outdoor-shadow/0298.jpg 
/home/cole/data/DeepPs/ps2.0/testing/outdoor-shadow/0312.jpg 
/home/cole/data/DeepPs/ps2.0/testing/outdoor-shadow/0831.jpg 
/home/cole/data/DeepPs/ps2.0/testing/outdoor-shadow/0481.jpg 
/home/cole/data/DeepPs/ps2.0/testing/outdoor-shadow/0603.jpg 
/home/cole/data/DeepPs/ps2.0/testing/outdoor-shadow/0476.jpg 
/home/cole/data/DeepPs/ps2.0/testing/outdoor-shadow/0156.jpg 
/home/cole/data/DeepPs/ps2.0/testing/outdoor-shadow/0473.jpg 
/home/cole/data/DeepPs/ps2.0/testing/outdoor-shadow/0378.jpg 
/home/cole/data/DeepPs/ps2.0/testing/outdoor-shadow/0562.jpg 
/home/cole/data/DeepPs/ps2.0/testing/outdoor-shadow/0618.jpg 
/home/cole/data/DeepPs/ps2.0/testing/outdoor-shadow/0763.jpg 
/home/cole/data/DeepPs/ps2.0/testing/outdoor-shadow/0496.jpg 
/home/cole/data/DeepPs/ps2.0/testing/outdoor-shadow/0446.jpg 
/home/cole/data/DeepPs/ps2.0/testing/outdoor-shadow/0652.jpg 
/home/cole/data/DeepPs/ps2.0/testing/outdoor-shadow/0942.jpg 
/home/cole/data/DeepPs/ps2.0/testing/outdoor-rainy/088.jpg 
/home/cole/data/DeepPs/ps2.0/testing/outdoor-rainy/235.jpg 
/home/cole/data/DeepPs/ps2.0/testing/outdoor-rainy/166.jpg 
/home/cole/data/DeepPs/ps2.0/testing/outdoor-rainy/081.jpg 
/home/cole/data/DeepPs/ps2.0/testing/outdoor-rainy/064.jpg 
/home/cole/data/DeepPs/ps2.0/testing/outdoor-rainy/161.jpg 
/home/cole/data/DeepPs/ps2.0/testing/outdoor-rainy/048.jpg 
/home/cole/data/DeepPs/ps2.0/testing/outdoor-rainy/223.jpg 
/home/cole/data/DeepPs/ps2.0/testing/outdoor-rainy/123.jpg 
/home/cole/data/DeepPs/ps2.0/testing/outdoor-rainy/090.jpg 
/home/cole/data/DeepPs/ps2.0/testing/outdoor-rainy/031.jpg 
/home/cole/data/DeepPs/ps2.0/testing/outdoor-rainy/238.jpg 
/home/cole/data/DeepPs/ps2.0/testing/outdoor-rainy/029.jpg 
/home/cole/data/DeepPs/ps2.0/testing/outdoor-rainy/035.jpg 
/home/cole/data/DeepPs/ps2.0/testing/outdoor-rainy/236.jpg 
/home/cole/data/DeepPs/ps2.0/testing/outdoor-rainy/165.jpg 
/home/cole/data/DeepPs/ps2.0/testing/outdoor-rainy/037.jpg 
/home/cole/data/DeepPs/ps2.0/testing/outdoor-rainy/164.jpg 
/home/cole/data/DeepPs/ps2.0/testing/outdoor-rainy/010.jpg 1.0,94.08974358974353,408.3376068376069,121.6495726495726,264.957264957265,107.86965811965807,336.64743589743597,-2.9516939108806666 1.0,121.6495726495726,264.957264957265,153.41880341880335,128.0598290598291,137.534188034188,196.50854700854705,-2.9135630200953546 
/home/cole/data/DeepPs/ps2.0/testing/outdoor-rainy/243.jpg 
/home/cole/data/DeepPs/ps2.0/testing/outdoor-rainy/004.jpg 1.0,429.98717948717956,122.92222222222223,444.6811965811967,355.9461538461539,437.3341880341881,239.43418803418805,-0.0629745938360684 
/home/cole/data/DeepPs/ps2.0/testing/outdoor-rainy/242.jpg 
/home/cole/data/DeepPs/ps2.0/testing/outdoor-rainy/027.jpg 
/home/cole/data/DeepPs/ps2.0/testing/outdoor-rainy/209.jpg 
