/home/cole/data/DeepPs/ps2.0/testing/outdoor-street-light/003.jpg 1.0,413.70256410256417,122.82222222222221,423.50427350427356,255.7008547008547,418.6034188034189,189.26153846153846,-0.07363102254556009 1.0,423.50427350427356,255.7008547008547,431.7606837606839,395.7264957264958,427.63247863247875,325.71367521367523,-0.05889536908178128 1.0,431.7606837606839,395.7264957264958,438.82478632478643,523.7222222222224,435.29273504273516,459.7243589743591,-0.05513421057886991 
/home/cole/data/DeepPs/ps2.0/testing/outdoor-street-light/001.jpg 1.0,419.7307692307693,46.508547008547,439.5982905982907,192.87179487179492,429.66452991453,119.69017094017096,-0.13491657942302027 1.0,439.5982905982907,192.87179487179492,457.04700854700866,332.86923076923085,448.32264957264965,262.8705128205129,-0.12399656111914381 
/home/cole/data/DeepPs/ps2.0/testing/outdoor-normal-daylight/260.jpg 1.0,140.3598130841121,525.4766355140188,139.62386706948638,371.64803625377635,139.99184007679924,448.56233588389756,-3.1463768120839646 1.0,139.62386706948638,371.64803625377635,138.0111782477341,217.56948640483375,138.81752265861024,294.608761329305,-3.152058938069927 1.0,138.0111782477341,217.56948640483375,138.0111782477341,64.09093655589116,138.0111782477341,140.83021148036246,-3.141592653589793 
/home/cole/data/DeepPs/ps2.0/testing/outdoor-normal-daylight/536.jpg 1.0,481.97863247863256,99.79059829059827,469.0128205128207,250.6367521367522,475.4957264957267,175.21367521367523,0.08574313408280454 1.0,469.0128205128207,250.6367521367522,457.85641025641036,400.2905982905984,463.43461538461554,325.4636752136753,0.07441046275950702 
/home/cole/data/DeepPs/ps2.0/testing/outdoor-normal-daylight/520.jpg 1.0,174.97129909365555,528.4456193353475,179.50302114803623,383.4305135951662,177.23716012084589,455.93806646525684,-3.110352820159525 1.0,179.50302114803623,383.4305135951662,185.84108761329304,236.0027190332326,182.67205438066463,309.7166163141994,-3.098628122483875 1.0,185.84108761329304,236.0027190332326,190.97915407854987,94.90664652567975,188.41012084592145,165.45468277945616,-3.1051933618330887 
/home/cole/data/DeepPs/ps2.0/testing/outdoor-normal-daylight/040.jpg 1.0,182.97461944406254,475.0472224048386,190.24995427949864,99.71308203991133,186.6122868617806,287.38015222237493,-3.1222114593845305 
/home/cole/data/DeepPs/ps2.0/testing/outdoor-normal-daylight/490.jpg 1.0,507.7649572649574,113.46581196581195,505.65555555555574,378.13247863247864,506.71025641025653,245.7991452991453,0.007969862898176805 
/home/cole/data/DeepPs/ps2.0/testing/indoor-parking-lot/082.jpg 1.0,213.99232391890303,509.6225243173563,202.2514356029532,342.6624868158914,208.1218797609281,426.14250556662387,-3.211798628291354 1.0,202.2514356029532,342.6624868158914,191.38089769131602,180.38251494199008,196.8161666471346,261.5225008789407,-3.2084790482291377 
/home/cole/data/DeepPs/ps2.0/testing/indoor-parking-lot/201.jpg 1.0,148.47878445352575,417.5499956525519,112.1111642465872,264.8870967741935,130.29497435005646,341.2185462133727,-3.375455538946138 1.0,112.1111642465872,264.8870967741935,76.15533431875485,111.03821406834183,94.13324928267102,187.96265542126764,-3.3711805890909474 
/home/cole/data/DeepPs/ps2.0/testing/indoor-parking-lot/219.jpg 1.0,551.5812151493237,158.40187722999502,367.3422971414227,161.49389795662225,459.4617561453732,159.94788759330862,1.5540152334641322 1.0,367.3422971414227,161.49389795662225,199.71480268465996,162.50082476198443,283.52854991304133,161.99736135930334,1.564789467968823 
/home/cole/data/DeepPs/ps2.0/testing/indoor-parking-lot/051.jpg 1.0,187.9034220086722,511.7964373608345,183.10869565217388,320.3774288058129,185.50605883042306,416.0869330833237,-3.166635746242175 1.0,183.10869565217388,320.3774288058129,179.96443220438294,135.1791866869801,181.5365639282784,227.77830774639648,-3.1585688481602774 
/home/cole/data/DeepPs/ps2.0/testing/outdoor-slanted/23.jpg 3.0,159.80154355016532,481.2568908489526,156.5735042735042,316.5034188034189,158.18752391183477,398.88015482618573,-3.772048533851083 3.0,156.5735042735042,316.5034188034189,154.77350427350424,144.0897435897436,155.67350427350422,230.29658119658126,-3.7628975196525714 
/home/cole/data/DeepPs/ps2.0/testing/outdoor-slanted/15.jpg 3.0,445.6170940170941,157.1008547008547,481.3411214953272,325.57757009345795,463.4791077562106,241.33921239715633,-1.0292512512661596 3.0,481.3411214953272,325.57757009345795,513.4439252336449,487.3065420560749,497.392523364486,406.4420560747664,-1.016255222587925 
/home/cole/data/DeepPs/ps2.0/testing/outdoor-slanted/21.jpg 3.0,461.9953271028038,53.04672897196251,471.3675213675214,222.78632478632483,466.6814242351626,137.91652687914367,-0.7183842389668997 3.0,471.3675213675214,222.78632478632483,480.61452991453007,390.58888888888896,475.9910256410258,306.6876068376069,-0.7182759155452605 
/home/cole/data/DeepPs/ps2.0/testing/outdoor-slanted/37.jpg 2.0,164.49516616314202,486.03474320241696,163.39719626168215,320.0822429906542,163.94618121241209,403.0584930965356,-2.7467829987830177 2.0,163.39719626168215,320.0822429906542,159.36344410876129,158.25709969788522,161.3803201852217,239.16967134426972,-2.7650883744485437 
/home/cole/data/DeepPs/ps2.0/testing/outdoor-shadow/0331.jpg 1.0,172.39345794392509,557.2056074766356,161.35420560747653,272.7196261682243,166.8738317757008,414.96261682242994,-3.180377399472339 
/home/cole/data/DeepPs/ps2.0/testing/outdoor-shadow/0110.jpg 1.0,192.66355140186909,555.8644859813085,189.9065420560747,194.18224299065417,191.2850467289719,375.02336448598135,-3.149215244970356 
/home/cole/data/DeepPs/ps2.0/testing/outdoor-shadow/0721.jpg 1.0,410.6169373549886,55.23642691415297,406.2484918793504,338.0350348027842,408.4327146171695,196.63573085846858,0.015445967354169143 
/home/cole/data/DeepPs/ps2.0/testing/outdoor-shadow/0184.jpg 1.0,414.09252336448594,168.4663551401869,415.04018691588783,533.1401869158879,414.5663551401869,350.8032710280374,-0.0025986548406657928 
/home/cole/data/DeepPs/ps2.0/testing/outdoor-shadow/0019.jpg 1.0,173.3307140167701,430.14656319290475,184.0024892272936,52.79767931102494,178.66660162203186,241.47212125196484,-3.1133192654931445 
