/home/cole/data/DeepPs/ps2.0/training/p2_img47_2322.jpg 1.0,436.904833836858,80.5114803625376,432.37311178247734,445.0619335347431,434.6389728096677,262.78670694864036,3.154023000633459
/home/cole/data/DeepPs/ps2.0/training/image20160725142318_1104.jpg 1.0,173.0451612903225,328.8060777323711,167.05942961481605,159.6162507608033,170.0522954525693,244.2111642465872,-0.03536404222189127 1.0,518.9940439961742,147.78771411181626,526.2745362295863,304.6569684477563,522.6342901128803,226.2223412797863,3.0952147217584636
/home/cole/data/DeepPs/ps2.0/training/image20160725151308_1044.jpg 1.0,135.38876164406506,400.9103180034356,177.42052008994025,263.8652221275645,156.40464086700266,332.38777006550004,0.29759237612447365 1.0,196.46273899138293,195.40552071840565,239.14721737751708,59.78492151577599,217.80497818445002,127.59522111709083,0.3049192516797852
/home/cole/data/DeepPs/ps2.0/training/p2_img50_4182.jpg
/home/cole/data/DeepPs/ps2.0/training/p2_img51_2790.jpg 1.0,434.11538461538464,186.82478632478637,439.24358974358984,543.380341880342,436.67948717948724,365.1025641025642,3.1272110194083025
/home/cole/data/DeepPs/ps2.0/training/p2_img35_0870.jpg
/home/cole/data/DeepPs/ps2.0/training/p2_img40_1230.jpg
/home/cole/data/DeepPs/ps2.0/training/p2_img51_3666.jpg 1.0,454.9188034188035,153.3461538461538,456.3376068376069,514.1752136752139,455.6282051282052,333.76068376068383,3.1376606085725802
/home/cole/data/DeepPs/ps2.0/training/img9_6417.jpg 1.0,209.38219438718886,202.6763120342475,206.93325000349145,62.415562197114674,208.15772219534017,132.54593711568108,-0.01745816687038859
/home/cole/data/DeepPs/ps2.0/training/p2_img93_0462.jpg 1.0,152.91268882175223,444.46193353474325,152.91268882175223,86.75589123867071,152.91268882175223,265.608912386707,0.0
/home/cole/data/DeepPs/ps2.0/training/image20160722193621_1068.jpg
/home/cole/data/DeepPs/ps2.0/training/img10_0831.jpg
/home/cole/data/DeepPs/ps2.0/training/img9_14565.jpg 1.0,545.7849215157762,181.29435547804016,386.29102443805607,179.4010345384022,466.03797297691614,180.3476950082212,-1.5589260794138533 1.0,386.29102443805607,179.4010345384022,229.52933248771205,178.686459489456,307.91017846288406,179.0437470139291,-1.5662380058758427 1.0,229.52933248771205,178.686459489456,73.20588235294113,178.03955921991425,151.36760742032658,178.36300935468512,-1.5666581339880263
/home/cole/data/DeepPs/ps2.0/training/p2_img11_0978.jpg 1.0,176.7839879154078,479.4093655589123,171.025641025641,119.54415954415953,173.9048144705244,299.4767625515359,-0.016000033913049938
/home/cole/data/DeepPs/ps2.0/training/p2_img15_1680.jpg 1.0,187.929906542056,466.85887850467293,189.3654205607476,113.2205607476635,188.6476635514018,290.0397196261682,0.004059249413989496
/home/cole/data/DeepPs/ps2.0/training/image20160719180856_4116.jpg 1.0,182.9956521739131,393.321739130435,180.5307475317348,207.81114245416074,181.76319985282396,300.56644079229784,-0.01328635476198059
/home/cole/data/DeepPs/ps2.0/training/p2_img47_2322.jpg 1.0,436.904833836858,80.5114803625376,432.37311178247734,445.0619335347431,434.6389728096677,262.78670694864036,3.154023000633459
/home/cole/data/DeepPs/ps2.0/training/p2_img25_3966.jpg
/home/cole/data/DeepPs/ps2.0/training/p2_img21_1470.jpg 1.0,160.55981308411208,509.02803738317755,161.4813084112149,145.6635514018691,161.0205607476635,327.3457943925233,0.0025360027938319263
/home/cole/data/DeepPs/ps2.0/training/p2_img28_2088.jpg 1.0,202.21111111111105,456.56837606837615,199.20398860398853,91.28205128205128,200.7075498575498,273.92521367521374,-0.008232048054550356
/home/cole/data/DeepPs/ps2.0/training/image20160722193621_1816.jpg 1.0,404.14507772020704,123.3341968911916,399.8294117647059,268.0764705882353,401.9872447424565,195.70533373971344,3.1714000321960563 1.0,395.8911917098442,337.7056994818651,387.13529411764677,480.14705882352933,391.51324291374544,408.9263791526972,3.202985596403463
/home/cole/data/DeepPs/ps2.0/training/img8_1530.jpg
/home/cole/data/DeepPs/ps2.0/training/p2_img69_1398.jpg
/home/cole/data/DeepPs/ps2.0/training/img5_8664.jpg
/home/cole/data/DeepPs/ps2.0/training/p2_img84_1266.jpg 1.0,410.8248259860789,160.64083526682123,406.1813084112149,524.4878504672896,408.50306719864693,342.5643428670554,3.1543542410152057
/home/cole/data/DeepPs/ps2.0/training/p2_img25_0726.jpg
/home/cole/data/DeepPs/ps2.0/training/20161109-08-224.jpg 1.0,433.09999999999974,63.53636363636362,430.7181818181816,225.13636363636354,431.90909090909065,144.3363636363636,3.1563305603410554 1.0,430.7181818181816,225.13636363636354,428.86363636363615,369.7181818181818,429.7909090909089,297.4272727272727,3.154418911952461 1.0,428.86363636363615,369.7181818181818,427.9363636363634,515.9727272727273,428.39999999999975,442.8454545454546,3.147932697928855
/home/cole/data/DeepPs/ps2.0/training/p2_img24_0162.jpg
/home/cole/data/DeepPs/ps2.0/training/p2_img114_1374.jpg 1.0,482.496261682243,73.96074766355133,478.0051282051283,219.80341880341882,480.25069494368563,146.88208323348508,3.172377297150417 1.0,478.0051282051283,219.80341880341882,473.5863247863248,363.757264957265,475.7957264957265,291.7803418803419,3.1722789913227087 1.0,473.5863247863248,363.757264957265,470.03271028037386,503.3271028037384,471.8095175333493,433.54218388050174,3.1670483462810557
/home/cole/data/DeepPs/ps2.0/training/p2_img25_0840.jpg 1.0,138.50740740740733,470.4133903133905,154.44558404558398,110.19829059829063,146.47649572649567,290.30584045584055,0.04421743550820101
/home/cole/data/DeepPs/ps2.0/training/image20160722193621_1616.jpg 1.0,421.67211826369675,191.30127419750056,384.6984274401909,330.1205466251413,403.18527285194386,260.7109104113209,3.4018938471476887 1.0,384.6984274401909,330.1205466251413,345.9011703420247,471.80790609332007,365.2997988911078,400.9642263592307,3.408864283208626
/home/cole/data/DeepPs/ps2.0/training/p2_img46_6042.jpg 1.0,438.33304843304853,72.41339031339034,442.3367521367523,422.13618233618246,440.3349002849004,247.2747863247864,3.1301449330009046
/home/cole/data/DeepPs/ps2.0/training/p2_img28_3510.jpg